"mgCO2.7"	"mgCO2.14"	"difference"
"AE01"	0.166666666666667	0.26	-0.0933333333333333
"AE02"	0.203333333333333	0.153333333333333	0.05
"AE03"	0.266666666666667	0.14	0.126666666666667
"AE04"	0.24	0.16	0.08
"AE05"	0.113333333333333	0.196666666666667	-0.0833333333333333
"AE06"	0.233333333333333	0.106666666666667	0.126666666666667
"AE07"	0.223333333333333	0.18	0.0433333333333333
"AE08"	0.196666666666667	0.0933333333333333	0.103333333333333
"AE09"	0.143333333333333	0.163333333333333	-0.02
"AE10"	0.213333333333333	0.15	0.0633333333333333
"AE100"	0.13	0.09	0.04
"AE101"	0.12	0.223333333333333	-0.103333333333333
"AE102"	0.4375	0.675	-0.2375
"AE103"	0.126666666666667	0.21	-0.0833333333333333
"AE104"	0.5025	0.5875	-0.0850000000000001
"AE105"	0.165	0.505	-0.34
"AE106"	0.105	0.475	-0.37
"AE107"	0.18	0.253333333333333	-0.0733333333333334
"AE108"	0.1075	0.3975	-0.29
"AE109"	0.5075	0.495	0.0125000000000001
"AE11"	0.233333333333333	0.163333333333333	0.07
"AE110"	0.136666666666667	0.16	-0.0233333333333333
"AE111"	0.48	0.645	-0.165
"AE112"	0.1225	0.1825	-0.06
"AE113"	0.2475	0.2625	-0.015
"AE114"	0.345	0.3725	-0.0275
"AE115"	0.275	0.3425	-0.0675
"AE116"	0.0566666666666667	0.216666666666667	-0.16
"AE117"	0.2525	0.3075	-0.055
"AE118"	0.3525	0.27	0.0825
"AE119"	0.31	0.3225	-0.0125
"AE12"	0.153333333333333	0.253333333333333	-0.1
"AE120"	0.265	0.365	-0.1
"AE121"	0.13	0.26	-0.13
"AE122"	0.2475	0.2925	-0.045
"AE123"	0.25	0.4225	-0.1725
"AE124"	0.2575	0.31	-0.0525
"AE125"	0.2275	0.275	-0.0475
"AE126"	0.0866666666666667	0.0466666666666667	0.04
"AE127"	0.3425	0.32	0.0225
"AE128"	0.225	0.3175	-0.0925
"AE129"	0.2375	0.3975	-0.16
"AE13"	0.23	0.146666666666667	0.0833333333333333
"AE130"	0.275	0.36	-0.085
"AE131"	0.255	0.3475	-0.0925
"AE132"	0.1825	0.3175	-0.135
"AE133"	0.25	0.355	-0.105
"AE134"	0.31	0.405	-0.095
"AE135"	0.345	0.28	0.0650000000000001
"AE136"	0.2775	0.445	-0.1675
"AE137"	0.235	0.34	-0.105
"AE138"	0.14	0.2775	-0.1375
"AE139"	0.2325	0.3275	-0.095
"AE14"	0.193333333333333	0.116666666666667	0.0766666666666667
"AE140"	0.2375	0.305	-0.0675
"AE141"	0.2675	0.4125	-0.145
"AE142"	0.3175	0.2825	0.035
"AE143"	0.235	0.26	-0.025
"AE144"	0.23	0.325	-0.095
"AE145"	0.29	0.4025	-0.1125
"AE146"	0.2525	0.3575	-0.105
"AE147"	0.225	0.3275	-0.1025
"AE148"	0.13	0.05	0.08
"AE149"	0.1725	0.245	-0.0725
"AE15"	0.216666666666667	0.126666666666667	0.09
"AE150"	0.1925	0.3475	-0.155
"AE151"	0.2525	0.32	-0.0675
"AE152"	0.185	0.3475	-0.1625
"AE153"	0.2475	0.2875	-0.04
"AE154"	0.35	0.53	-0.18
"AE155"	0.116666666666667	0.2	-0.0833333333333333
"AE156"	0.1975	0.235	-0.0375
"AE157"	0.225	0.3	-0.075
"AE158"	0.28	0.43	-0.15
"AE159"	0.2	0.275	-0.075
"AE16"	0.26	0.116666666666667	0.143333333333333
"AE160"	0.175	0.43	-0.255
"AE161"	0.4175	0.465	-0.0475
"AE162"	0.385	0.5375	-0.1525
"AE163"	0.3475	0.525	-0.1775
"AE164"	0.3225	0.525	-0.2025
"AE165"	0.26	0.3925	-0.1325
"AE166"	0.3825	0.505	-0.1225
"AE167"	0.305	0.41	-0.105
"AE168"	0.26	0.475	-0.215
"AE169"	0.4175	0.545	-0.1275
"AE17"	0.183333333333333	0.12	0.0633333333333333
"AE170"	0.3325	0.4525	-0.12
"AE171"	0.3775	0.4575	-0.08
"AE172"	0.0966666666666667	0.233333333333333	-0.136666666666667
"AE173"	0.2875	0.535	-0.2475
"AE174"	0.3575	0.47	-0.1125
"AE175"	0.3475	0.5075	-0.16
"AE176"	0.195	0.3625	-0.1675
"AE177"	0.3125	0.4425	-0.13
"AE178"	0.3375	0.4575	-0.12
"AE18"	0.256666666666667	0.15	0.106666666666667
"AE19"	0.22	0.123333333333333	0.0966666666666667
"AE198"	0.075	0.13	-0.055
"AE20"	0.23	0.196666666666667	0.0333333333333333
"AE21"	0.32	0.13	0.19
"AE22"	0.103333333333333	0.18	-0.0766666666666667
"AE23"	0.103333333333333	0.18	-0.0766666666666667
"AE24"	0.28	0.11	0.17
"AE25"	0.143333333333333	0.126666666666667	0.0166666666666667
"AE26"	0.196666666666667	0.22	-0.0233333333333333
"AE27"	0.09	0.16	-0.07
"AE28"	0.206666666666667	0.166666666666667	0.04
"AE29"	0.263333333333333	0.186666666666667	0.0766666666666666
"AE30"	0.246666666666667	0.163333333333333	0.0833333333333333
"AE31"	0.176666666666667	0.1	0.0766666666666667
"AE32"	0.23	0.123333333333333	0.106666666666667
"AE33"	0.156666666666667	0.17	-0.0133333333333333
"AE34"	0.25	0.16	0.09
"AE35"	0.213333333333333	0.14	0.0733333333333333
"AE36"	0.306666666666667	0.226666666666667	0.08
"AE37"	0.27	0.17	0.1
"AE38"	0.193333333333333	0.123333333333333	0.07
"AE39"	0.216666666666667	0.136666666666667	0.08
"AE40"	0.276666666666667	0.17	0.106666666666667
"AE41"	0.17	0.206666666666667	-0.0366666666666667
"AE42"	0.273333333333333	0.2	0.0733333333333333
"AE43"	0.293333333333333	0.256666666666667	0.0366666666666667
"AE44"	0.233333333333333	0.173333333333333	0.06
"AE45"	0.29	0.2	0.09
"AE46"	0.193333333333333	0.143333333333333	0.05
"AE47"	0.176666666666667	0.13	0.0466666666666667
"AE48"	0.26	0.133333333333333	0.126666666666667
"AE49"	0.15	0.3	-0.15
"AE50"	0.123333333333333	0.203333333333333	-0.08
"AE51"	0.36	0.4	-0.04
"AE52"	0.17	0.226666666666667	-0.0566666666666667
"AE53"	0.21	0.163333333333333	0.0466666666666667
"AE54"	0.28	0.15	0.13
"AE55"	0.17	0.143333333333333	0.0266666666666667
"AE56"	0.216666666666667	0.113333333333333	0.103333333333333
"AE57"	0.156666666666667	0.243333333333333	-0.0866666666666667
"AE58"	0.13	0.103333333333333	0.0266666666666667
"AE59"	0.163333333333333	0.15	0.0133333333333333
"AE60"	0.223333333333333	0.186666666666667	0.0366666666666667
"AE61"	0.253333333333333	0.25	0.00333333333333335
"AE62"	0.16	0.126666666666667	0.0333333333333333
"AE63"	0.15	0.113333333333333	0.0366666666666667
"AE64"	0.226666666666667	0.17	0.0566666666666666
"AE65"	0.146666666666667	0.196666666666667	-0.05
"AE66"	0.26	0.243333333333333	0.0166666666666667
"AE67"	0.24	0.16	0.08
"AE68"	0.1	0.216666666666667	-0.116666666666667
"AE69"	0.25	0.196666666666667	0.0533333333333333
"AE70"	0.276666666666667	0.17	0.106666666666667
"AE71"	0.166666666666667	0.153333333333333	0.0133333333333333
"AE72"	0.26	0.153333333333333	0.106666666666667
"AE73"	0.156666666666667	0.196666666666667	-0.04
"AE74"	0.226666666666667	0.18	0.0466666666666667
"AE75"	0.14	0.103333333333333	0.0366666666666667
"AE76"	0.25	0.21	0.04
"AE77"	0.303333333333333	0.22	0.0833333333333333
"AE78"	0.26	0.173333333333333	0.0866666666666667
"AE79"	0.6175	0.5025	0.115
"AE80"	0.7225	0.75	-0.0275000000000001
"AE81"	0.525	0.4525	0.0725
"AE82"	0.66	0.5175	0.1425
"AE83"	0.48	0.5375	-0.0575
"AE84"	0.52	0.69	-0.17
"AE85"	0.74	0.43	0.31
"AE86"	0.6525	0.47	0.1825
"AE87"	0.505	0.46	0.045
"AE88"	0.5875	0.49	0.0975
"AE89"	0.5975	0.5225	0.0750000000000001
"AE90"	0.73	0.5225	0.2075
"AE91"	0.6425	0.6925	-0.05
"AE92"	0.5525	0.46	0.0925
"AE93"	0.525	0.4475	0.0775
"AE94"	0.56	0.47	0.09
"AE95"	0.143333333333333	0.143333333333333	0
"AE96"	0.5725	0.4775	0.095
"AE97"	0.22	0.153333333333333	0.0666666666666667
"AE98"	0.136666666666667	0.34	-0.203333333333333
"AE99"	0.635	0.5775	0.0575
"BB01"	0.15	0.17	-0.02
"BB02"	0.1975	0.375	-0.1775
"BB03"	0.11	0.19	-0.08
"BB04"	0.44	0.355	0.085
"BB05"	0.475	0.4075	0.0675
"BB06"	0.4325	0.3775	0.055
"BB07"	0.5175	0.5225	-0.005
"BB08"	0.2125	0.2525	-0.04
"BB09"	0.5775	0.405	0.1725
"BB10"	0.19	0.43	-0.24
"BB100"	0.0466666666666667	0.0566666666666667	-0.01
"BB11"	0.43	0.3375	0.0925
"BB12"	0.51	0.415	0.095
"BB13"	0.136666666666667	0.156666666666667	-0.02
"BB14"	0.32	0.2525	0.0675
"BB15"	0.3925	0.34	0.0525
"BB16"	0.1825	0.215	-0.0325
"BB17"	0.4525	0.325	0.1275
"BB18"	0.5275	0.3925	0.135
"BB19"	0.16	0.186666666666667	-0.0266666666666667
"BB20"	0.4175	0.34	0.0775
"BB21"	0.445	0.47	-0.025
"BB22"	0.12	0.173333333333333	-0.0533333333333333
"BB23"	0.37	0.2425	0.1275
"BB24"	0.375	0.3925	-0.0175
"BB25"	0.3525	0.2725	0.08
"BB26"	0.45	0.3625	0.0875
"BB27"	0.0633333333333333	0.08	-0.0166666666666667
"BB28"	0.0466666666666667	0.0666666666666667	-0.02
"BB29"	0.06	0.04	0.02
"BB30"	0.103333333333333	0.0733333333333333	0.03
"BB31"	0.06	0.06	0
"BB32"	0.06	0.0666666666666667	-0.00666666666666667
"BB33"	0.16	0.275	-0.115
"BB34"	0.025	0.265	-0.24
"BB35"	0.11	0.17	-0.06
"BB36"	0.0225	0.23	-0.2075
"BB37"	0.07	0.2325	-0.1625
"BB38"	0.0975	0.235	-0.1375
"BB39"	0.0825	0.23	-0.1475
"BB40"	0.0333333333333333	0.05	-0.0166666666666667
"BB41"	0.025	0.265	-0.24
"BB42"	0.113333333333333	0.13	-0.0166666666666667
"BB43"	0.13	0.245	-0.115
"BB44"	0.0825	0.2	-0.1175
"BB45"	0.045	0.2125	-0.1675
"BB46"	0.085	0.2625	-0.1775
"BB47"	0.025	0.3225	-0.2975
"BB48"	0.105	0.28	-0.175
"BB49"	0.015	0.1725	-0.1575
"BB50"	0.0675	0.1325	-0.065
"BB51"	0.1375	0.245	-0.1075
"BB52"	0.0533333333333333	0.0766666666666667	-0.0233333333333333
"BB53"	0.0525	0.21	-0.1575
"BB54"	0.1075	0.2425	-0.135
"BB55"	0.09	0.3075	-0.2175
"BB56"	0.0775	0.305	-0.2275
"BB57"	0.0666666666666667	0.0666666666666667	0
"BB58"	0.0466666666666667	0.0733333333333333	-0.0266666666666667
"BB59"	0.045	0.2425	-0.1975
"BB60"	0.0866666666666667	0.07	0.0166666666666667
"BB61"	0.0533333333333333	0.07	-0.0166666666666667
"BB62"	0.1025	0.2275	-0.125
"BB63"	0.0966666666666667	0.08	0.0166666666666667
"BB64"	0.02	0.225	-0.205
"BB65"	0.09	0.175	-0.085
"BB66"	0.136666666666667	0.176666666666667	-0.04
"BB67"	0.0275	0.225	-0.1975
"BB68"	0.125	0.33	-0.205
"BB69"	0.075	0.265	-0.19
"BB70"	0.0925	0.2775	-0.185
"BB71"	0.025	0.225	-0.2
"BB72"	0.0325	0.22	-0.1875
"BB73"	0.04	0.16	-0.12
"BB74"	0.055	0.1825	-0.1275
"BB75"	0.045	0.28	-0.235
"BB76"	0.11	0.2775	-0.1675
"BB77"	0.03	0.2125	-0.1825
"BB78"	0.02	0.23	-0.21
"BB79"	0.105	0.2925	-0.1875
"BB80"	0.09	0.2125	-0.1225
"BB81"	0.06	0.1525	-0.0925
"BB82"	0.09	0.2275	-0.1375
"BB83"	0.07	0.2225	-0.1525
"BB84"	0.105	0.265	-0.16
"BB85"	0.03	0.2575	-0.2275
"BB86"	0.1425	0.3275	-0.185
"BB87"	0.065	0.2725	-0.2075
"BB88"	0.116666666666667	0.206666666666667	-0.09
"BB89"	0.1125	0.195	-0.0825
"BB90"	0.0275	0.2475	-0.22
"BB91"	0.055	0.1975	-0.1425
"BB92"	0.0475	0.3075	-0.26
"BB93"	0.175	0.325	-0.15
"BB94"	0.0475	0.19	-0.1425
"BB95"	0.0575	0.255	-0.1975
"BB96"	0.113333333333333	0.213333333333333	-0.1
"BB97"	0.055	0.21	-0.155
"BB98"	0.1125	0.355	-0.2425
"BB99"	0.055	0.265	-0.21
"BCW01"	0.274	0.316	-0.042
"BCW02"	0.46	0.444	0.016
"BCW03"	0.572	0.448	0.124
"BCW04"	0.464	0.436	0.028
"BCW05"	0.162	0.268	-0.106
"BCW06"	0.26	0.366	-0.106
"BCW07"	0.446	0.38	0.066
"BCW08"	0.212	0.3	-0.088
"BCW09"	0.206	0.286	-0.08
"BCW10"	0.338	0.4	-0.062
"BCW11"	0.468	0.474	-0.00600000000000001
"BCW12"	0.378	0.37	0.00800000000000001
"BCW13"	0.392	0.416	-0.024
"BCW14"	0.186	0.292	-0.106
"BCW15"	0.398	0.37	0.028
"BCW16"	0.418	0.398	0.02
"BCW17"	0.456	0.344	0.112
"BCW18"	0.398	0.396	0.002
"BCW19"	0.374	0.326	0.048
"BCW20"	0.482	0.44	0.0419999999999999
"BCW21"	0.432	0.394	0.038
"BCW22"	0.236	0.27	-0.034
"BCW23"	0.54	0.482	0.058
"BCW24"	0.482	0.408	0.074
"BCW25"	0.388	0.348	0.04
"BCW26"	0.37	0.378	-0.00800000000000001
"BW01"	0.925	0.6525	0.2725
"BW02"	0.9625	1.0175	-0.055
"BW03"	1.11	1.05	0.0599999999999998
"BW04"	0.9625	0.825	0.1375
"BW05"	0.8025	0.6375	0.165
"BW06"	0.775	0.5875	0.1875
"BW07"	0.9625	0.655	0.3075
"BW08"	1.0275	0.6625	0.365
"BW09"	0.7325	0.4975	0.235
"BW10"	0.9325	0.655	0.2775
"BW11"	1.05	0.7275	0.3225
"BW12"	0.905	0.76	0.145
"BW13"	0.9175	0.675	0.2425
"BW14"	0.9575	0.605	0.3525
"BW15"	0.965	0.685	0.28
"BW16"	0.8175	0.505	0.3125
"BW17"	0.79	0.6425	0.1475
"BW18"	0.73	0.6125	0.1175
"BW19"	0.7625	0.8125	-0.05
"BW20"	0.75	0.8375	-0.0874999999999999
"BW21"	0.5425	0.5425	0
"BW22"	0.7325	0.6125	0.12
"BW23"	0.77	0.64	0.13
"BW24"	0.6875	0.4975	0.19
"BWd01"	0.2875	0.28	0.00750000000000001
"BWd02"	0.205	0.385	-0.18
"BWd03"	0.23	0.4	-0.17
"BWd04"	0.2025	0.4025	-0.2
"BWd05"	0.2225	0.4225	-0.2
"BWd06"	0.165	0.3425	-0.1775
"BWd07"	0.19	0.3825	-0.1925
"BWd08"	0.2	0.4175	-0.2175
"CHE01"	0.12	0.163333333333333	-0.0433333333333333
"CHE02"	0.06	0.0666666666666667	-0.00666666666666666
"CHE03"	0.13	0.146666666666667	-0.0166666666666667
"CHE04"	0.0566666666666667	0.06	-0.00333333333333333
"CHE05"	0.0433333333333333	0.13	-0.0866666666666667
"CHE06"	0.06	0.0833333333333333	-0.0233333333333333
"CHE07"	0.04	0.0733333333333333	-0.0333333333333333
"CHE08"	0.09	0.07	0.02
"CHE09"	0.0566666666666667	0.0766666666666667	-0.02
"CHE10"	0.0533333333333333	0.06	-0.00666666666666666
"CHE11"	0.06	0.116666666666667	-0.0566666666666667
"CHE12"	0.0633333333333333	0.0533333333333333	0.01
"CHE13"	0.05	0.0633333333333333	-0.0133333333333333
"CHE14"	0.16	0.226666666666667	-0.0666666666666667
"HW01"	0.665	0.57	0.0950000000000001
"HW02"	0.895	0.9675	-0.0725
"HW03"	0.9325	0.77	0.1625
"HW04"	0.6675	0.5175	0.15
"HW05"	1.005	0.685	0.32
"HW06"	1.0825	0.7725	0.31
"HW07"	0.9475	0.8325	0.115
"HW08"	0.68	0.5125	0.1675
"HW09"	0.8725	0.6075	0.265
"HW10"	0.91	0.7325	0.1775
"HW11"	1.1	0.8325	0.2675
"HW12"	1.035	0.7925	0.2425
"HW13"	0.99	0.6525	0.3375
"HW14"	1.035	0.9475	0.0874999999999999
"HW15"	0.9225	0.7325	0.19
"HW16"	1.0925	0.725	0.3675
"LW01"	0.3025	0.335	-0.0325
"LW02"	0.315	0.4225	-0.1075
"LW03"	0.3225	0.3325	-0.01
"LW04"	0.3825	0.4075	-0.025
"LW05"	0.2925	0.2925	0
"LW06"	0.45	0.31	0.14
"LW07"	0.52	0.4175	0.1025
"LW08"	0.44	0.4075	0.0325
"LW09"	0.365	0.38	-0.015
"LW10"	0.385	0.245	0.14
"LW11"	0.4025	0.4525	-0.05
"LW12"	0.4025	0.4125	-0.00999999999999995
"OWW01"	0.39	0.2525	0.1375
"OWW02"	0.27	0.385	-0.115
"OWW03"	0.2325	0.3275	-0.095
"OWW04"	0.255	0.415	-0.16
"OWW05"	0.29	0.45	-0.16
"OWW06"	0.4175	0.4975	-0.08
"OWW07"	0.515	0.555	-0.04
"OWW08"	0.3475	0.4875	-0.14
"OWW09"	0.5625	0.4425	0.12
"OWW10"	0.48	0.615	-0.135
"OWW11"	0.22	0.3575	-0.1375
"OWW12"	0.16	0.3425	-0.1825
"OWW13"	0.2525	0.4475	-0.195
"OWW14"	0.1325	0.29	-0.1575
"OWW15"	0.215	0.3725	-0.1575
"OWW16"	0.2225	0.52	-0.2975
"PH01"	0.225	0.455	-0.23
"PH02"	0.1575	0.42	-0.2625
"PH03"	0.1475	0.4625	-0.315
"PH04"	0.2675	0.3025	-0.035
"PH05"	0.2675	0.3425	-0.075
"PH06"	0.2025	0.355	-0.1525
"PH07"	0.145	0.2925	-0.1475
"PH08"	0.1325	0.3175	-0.185
"PH09"	0.13	0.44	-0.31
"PH10"	0.1525	0.3475	-0.195
"PH11"	0.185	0.32	-0.135
"PH12"	0.1525	0.3375	-0.185
"PH13"	0.14	0.305	-0.165
"PH14"	0.135	0.33	-0.195
"PH15"	0.125	0.3025	-0.1775
"PH16"	0.1075	0.3025	-0.195
"PH17"	0.0975	0.2425	-0.145
"PH18"	0.1	0.2575	-0.1575
"PH19"	0.1025	0.275	-0.1725
"PH20"	0.1025	0.1775	-0.075
"PH21"	0.0975	0.155	-0.0575
"PH22"	0.1125	0.16	-0.0475
"PH23"	0.1	0.1575	-0.0575
"PH24"	0.085	0.1475	-0.0625
"RDM01"	0.05	0.0533333333333333	-0.00333333333333333
"SAC01"	0.11	0.1675	-0.0575
"SAC02"	0.1625	0.25	-0.0875
"SAC03"	0.2025	0.2125	-0.01
"SAC04"	0.2275	0.2825	-0.055
"SAC05"	0.1725	0.1875	-0.015
"SAC06"	0.1775	0.235	-0.0575
"SAC07"	0.145	0.1475	-0.00249999999999997
"SAC08"	0.19	0.275	-0.085
"SAC09"	0.0775	0.1025	-0.025
"SAC10"	0.135	0.1675	-0.0325
"SAC11"	0.21	0.165	0.045
"SAC12"	0.1825	0.2125	-0.03
"SAC13"	0.15	0.1875	-0.0375
"SAC14"	0.18	0.19	-0.01
"SAC15"	0.1275	0.1625	-0.035
"SAC16"	0.1825	0.2275	-0.045
"SNG01"	0.305	0.3775	-0.0725
"SNG02"	0.3225	0.345	-0.0225
"SP01"	0.06	0.0833333333333333	-0.0233333333333333
"SP02"	0.106666666666667	0.163333333333333	-0.0566666666666667
"SP03"	0.15	0.243333333333333	-0.0933333333333334
"SP04"	0.12	0.206666666666667	-0.0866666666666667
"SP05"	0.13	0.223333333333333	-0.0933333333333333
"SP06"	0.06	0.116666666666667	-0.0566666666666667
"SP07"	0.146666666666667	0.2	-0.0533333333333333
"SP08"	0.123333333333333	0.123333333333333	0
"SP09"	0.176666666666667	0.23	-0.0533333333333333
"SP10"	0.31	0.35	-0.04
"SP11"	0.39	0.5475	-0.1575
"SP12"	0.3075	0.44	-0.1325
"SP13"	0.3075	0.505	-0.1975
"SP14"	0.295	0.4575	-0.1625
"SP15"	0.3075	0.5	-0.1925
"SP16"	0.2025	0.3725	-0.17
"SP17"	0.2075	0.41	-0.2025
"WEL01"	0.1325	0.3625	-0.23
"WEL02"	0.2625	0.3175	-0.055
"WEL03"	0.16	0.37	-0.21
"WEL04"	0.1775	0.375	-0.1975
"WEL05"	0.16	0.36	-0.2
"WEL06"	0.1475	0.33	-0.1825
"WEL07"	0.17	0.285	-0.115
"WEL08"	0.1575	0.3775	-0.22
"WEL09"	0.1075	0.365	-0.2575
"WEL10"	0.1375	0.4825	-0.345
"WEL11"	0.1475	0.41	-0.2625
"WEL12"	0.17	0.26	-0.09
"WEL13"	0.2	0.3025	-0.1025
"WEL14"	0.175	0.35	-0.175
"WEL15"	0.1375	0.34	-0.2025
"WEL16"	0.1275	0.3275	-0.2
"WEL17"	0.1125	0.37	-0.2575
"WEL18"	0.2025	0.3375	-0.135
"WEL19"	0.1525	0.35	-0.1975
"WEL20"	0.1475	0.3425	-0.195
"WEL21"	0.125	0.36	-0.235
"WEL22"	0.1475	0.35	-0.2025
"WEL23"	0.1375	0.3	-0.1625
"WEL24"	0.1225	0.315	-0.1925
"WEL25"	0.23	0.455	-0.225
"WEL26"	0.1975	0.345	-0.1475
"WF01"	0.1925	0.265	-0.0725
"WF02"	0.3375	0.465	-0.1275
"WF03"	0.2525	0.385	-0.1325
"WF04"	0.23	0.42	-0.19
"WF05"	0.1975	0.375	-0.1775
"WF06"	0.21	0.365	-0.155
"WF07"	0.1975	0.3475	-0.15
"WGP01"	0.035	0.175	-0.14
"WGP02"	0.06	0.2425	-0.1825
"WGP03"	0.0325	0.26	-0.2275
"WGP04"	0.0675	0.2225	-0.155
"WGP05"	0.06	0.2375	-0.1775
"WGP06"	0.0625	0.1875	-0.125
"WGP07"	0.0475	0.215	-0.1675
"WGP08"	0.065	0.14	-0.075
"WGP09"	0.0675	0.3025	-0.235
"WGP10"	0.13	0.3175	-0.1875
"WGP11"	0.0575	0.3075	-0.25
"WGP12"	0.1275	0.355	-0.2275
"WGP13"	0.135	0.325	-0.19
"WGP14"	0.203333333333333	0.32	-0.116666666666667
"WGP15"	0.176666666666667	0.31	-0.133333333333333
"WGP16"	0.0866666666666667	0.226666666666667	-0.14
"WGP17"	0.1125	0.25	-0.1375
"WGP18"	0.135	0.2425	-0.1075
"WGP19"	0.215	0.35	-0.135
"WGP20"	0.085	0.3275	-0.2425
"WiW01"	0.2925	0.3125	-0.02
"WiW02"	0.43	0.55	-0.12
"WiW03"	0.535	0.6175	-0.0824999999999999
"WiW04"	0.465	0.515	-0.05
"WiW05"	0.465	0.5375	-0.0725
"WiW06"	0.3075	0.315	-0.00750000000000001
"WiW07"	0.2825	0.3225	-0.04
"WiW08"	0.2925	0.3175	-0.025
"WiW09"	0.3275	0.315	0.0125
"WiW10"	0.37	0.4325	-0.0625
"WiW11"	0.4	0.4425	-0.0425
"WiW12"	0.41	0.455	-0.045
"WiW13"	0.395	0.445	-0.05
"WiW14"	0.36	0.415	-0.055
"WiW15"	0.35	0.4275	-0.0775
"WiW16"	0.285	0.275	0.00999999999999995
"WiW17"	0.23	0.2625	-0.0325
"WiW18"	0.235	0.2675	-0.0325
"WiW19"	0.45	0.51	-0.0600000000000001
"WiW20"	0.3025	0.385	-0.0825
"WiW21"	0.2875	0.37	-0.0825
"WiW22"	0.55	0.585	-0.0349999999999999
"WiW23"	0.315	0.3775	-0.0625
"WiW24"	0.355	0.32	0.035
"WiW25"	0.28	0.3	-0.02
"WiW26"	0.3375	0.3775	-0.04
"WiW27"	0.48	0.58	-0.1
"WiW28"	0.38	0.4975	-0.1175
"WiW29"	0.4925	0.575	-0.0825
"WiW30"	0.3	0.2775	0.0225
"WiW31"	0.37	0.395	-0.025
"WiW32"	0.265	0.26	0.005
"WiW33"	0.27	0.3175	-0.0475
"WiW34"	0.2725	0.3475	-0.075
"WiW35"	0.3175	0.4125	-0.095
"WiW36"	0.3525	0.4825	-0.13
"WiW37"	0.3975	0.49	-0.0925
"WiW38"	0.3025	0.445	-0.1425
"WiW39"	0.35	0.41	-0.0599999999999999
"WiW40"	0.255	0.3	-0.045
"WiW41"	0.2475	0.3075	-0.06
"WiW42"	0.34	0.415	-0.075
"WiW43"	0.3425	0.3925	-0.05
"WiW44"	0.28	0.355	-0.075
"WiW45"	0.35	0.47	-0.12
"WiW46"	0.3225	0.425	-0.1025
"WiW47"	0.33	0.4025	-0.0725
"WiW48"	0.3225	0.31	0.0125
"WiW49"	0.22	0.2375	-0.0175
"WiW50"	0.2875	0.395	-0.1075
"WiW51"	0.33	0.41	-0.0800000000000001
"WiW52"	0.31	0.3925	-0.0825
"WiW53"	0.23	0.2675	-0.0375
"WiW54"	0.3475	0.395	-0.0475
"WiW55"	0.3475	0.3525	-0.00500000000000006
"WiW56"	0.2525	0.25	0.0025
"WiW57"	0.2625	0.325	-0.0625
"WP01"	0.245	0.2925	-0.0475
"WP02"	0.2275	0.3175	-0.09
"WP03"	0.41	0.4	0.00999999999999995
"WP04"	0.2725	0.38	-0.1075
"WP05"	0.305	0.4225	-0.1175
"WP06"	0.2975	0.405	-0.1075
"WP07"	0.28	0.375	-0.095
"WP08"	0.1475	0.1575	-0.01
"WP09"	0.195	0.3025	-0.1075
"WP10"	0.345	0.485	-0.14
"WP11"	0.3625	0.44	-0.0775
"WP12"	0.1875	0.2075	-0.02
"WP13"	0.1925	0.21	-0.0175
"WP14"	0.26	0.4475	-0.1875
"WP15"	0.1625	0.2575	-0.095
"WP16"	0.12	0.135	-0.015
"WYC01"	0.553333333333333	0.64	-0.0866666666666667
"WYC02"	0.556666666666667	0.67	-0.113333333333333
"WYC03"	0.303333333333333	0.423333333333333	-0.12
"WYC04"	0.556666666666667	0.62	-0.0633333333333334
"WYC05"	0.346666666666667	0.623333333333333	-0.276666666666667
"WYC06"	0.333333333333333	0.45	-0.116666666666667
"WYC07"	0.43	0.493333333333333	-0.0633333333333334
"WYC08"	0.276666666666667	0.443333333333333	-0.166666666666667
"WYC09"	0.553333333333333	0.583333333333333	-0.0299999999999999
"WYC10"	0.49	0.526666666666667	-0.0366666666666666
"WYC11"	0.33	0.413333333333333	-0.0833333333333333
"WYC12"	0.346666666666667	0.536666666666667	-0.19
"WYC13"	0.516666666666667	0.686666666666667	-0.17
"WYC14"	0.13	0.246666666666667	-0.116666666666667
"WYC15"	0.0966666666666667	0.153333333333333	-0.0566666666666667
"WYC16"	0.25	0.45	-0.2
"WYC17"	0.266666666666667	0.486666666666667	-0.22
"WYC18"	0.38	0.566666666666667	-0.186666666666667
"WYC19"	0.3	0.403333333333333	-0.103333333333333
"WYC20"	0.316666666666667	0.413333333333333	-0.0966666666666667
"WYC21"	0.426666666666667	0.473333333333333	-0.0466666666666667
"WYC22"	0.273333333333333	0.466666666666667	-0.193333333333333
"WYC23"	0.283333333333333	0.51	-0.226666666666667
"WYC24"	0.5	0.503333333333333	-0.0033333333333333
"WYC25"	0.426666666666667	0.723333333333333	-0.296666666666667
"WYC26"	0.333333333333333	0.63	-0.296666666666667
"WYC27"	0.35	0.57	-0.22
"WYC28"	0.0966666666666667	0.423333333333333	-0.326666666666667
"WYC29"	0.28	0.44	-0.16
"WYC30"	0.413333333333333	0.596666666666667	-0.183333333333333
"WYC31"	0.283333333333333	0.506666666666667	-0.223333333333333
"WYC32"	0.106666666666667	0.583333333333333	-0.476666666666667
"WYC33"	0.12	0.503333333333333	-0.383333333333333
"WYC34"	0.293333333333333	0.543333333333333	-0.25
"WYC35"	0.16	0.38	-0.22
"WYC36"	0.0766666666666667	0.456666666666667	-0.38
"WYC37"	0.193333333333333	0.39	-0.196666666666667
"WYC38"	0.323333333333333	0.53	-0.206666666666667
"WYC39"	0.236666666666667	0.363333333333333	-0.126666666666667
"WYC40"	0.356666666666667	0.346666666666667	0.01
"WYC41"	0.123333333333333	0.163333333333333	-0.04
"WYC42"	0.0666666666666667	0.0933333333333333	-0.0266666666666667
"WYC43"	0.203333333333333	0.346666666666667	-0.143333333333333
"WYD01"	0.5525	0.4025	0.15
"WYD02"	0.5175	0.6175	-0.0999999999999999
"WYD03"	0.55	0.6075	-0.0574999999999999
"WYD04"	0.4225	0.5125	-0.09
"WYD05"	0.3825	0.4775	-0.095
"WYD06"	0.113333333333333	0.18	-0.0666666666666667
"WYD07"	0.4775	0.5825	-0.105
"WYD08"	0.3775	0.47	-0.0925
"WYD09"	0.2	0.263333333333333	-0.0633333333333333
"WYD10"	0.4075	0.5725	-0.165
"WYD11"	0.4675	0.6375	-0.17
"WYD12"	0.36	0.5975	-0.2375
"WYM01"	0.373333333333333	0.733333333333333	-0.36
"WYM02"	0.23	0.233333333333333	-0.00333333333333335
"WYM03"	0.37	0.663333333333333	-0.293333333333333
"WYM04"	0.256666666666667	0.503333333333333	-0.246666666666667
"WYM05"	0.423333333333333	0.59	-0.166666666666667
"WYM06"	0.37	0.596666666666667	-0.226666666666667
"WYM07"	0.386666666666667	0.55	-0.163333333333333
"WYM08"	0.526666666666667	0.643333333333333	-0.116666666666667
"WYM09"	0.466666666666667	0.833333333333333	-0.366666666666667
"WYM10"	0.416666666666667	0.636666666666667	-0.22
"WYM11"	0.37	0.656666666666667	-0.286666666666667
"WYM12"	0.363333333333333	0.596666666666667	-0.233333333333333
"WYM13"	0.403333333333333	0.65	-0.246666666666667
"WYM14"	0.39	0.493333333333333	-0.103333333333333
"WYM15"	0.55	0.6	-0.0499999999999999
"WYM16"	0.4	0.56	-0.16
"WYM17"	0.47	0.703333333333333	-0.233333333333333
"WYM18"	0.406666666666667	0.68	-0.273333333333333
"WYM19"	0.783333333333333	0.933333333333333	-0.15
"WYM20"	0.516666666666667	0.613333333333333	-0.0966666666666668
"WYM21"	0.156666666666667	0.2	-0.0433333333333333
"WYM22"	0.163333333333333	0.223333333333333	-0.06
"WYM23"	0.47	0.55	-0.0800000000000001
"WYM24"	0.406666666666667	0.536666666666667	-0.13
"WYM25"	0.176666666666667	0.23	-0.0533333333333333
"WYM26"	0.426666666666667	0.626666666666667	-0.2
"WYM27"	0.216666666666667	0.356666666666667	-0.14
"WYM28"	0.366666666666667	0.573333333333333	-0.206666666666667
"WYM29"	0.136666666666667	0.22	-0.0833333333333333
"WYM30"	0.46	0.543333333333333	-0.0833333333333333
"WYM31"	0.443333333333333	0.583333333333333	-0.14
"WYM32"	0.456666666666667	0.653333333333333	-0.196666666666667
"WYM33"	0.163333333333333	0.216666666666667	-0.0533333333333333
"WYM34"	0.666666666666667	0.743333333333333	-0.0766666666666668
"WYM35"	0.346666666666667	0.626666666666667	-0.28
"WYM36"	0.51	0.586666666666667	-0.0766666666666667
"WYM37"	0.433333333333333	0.626666666666667	-0.193333333333333
"WYM38"	0.34	0.403333333333333	-0.0633333333333333
"WYM39"	0.126666666666667	0.216666666666667	-0.09
"WYM40"	0.46	0.526666666666667	-0.0666666666666667
"WYM41"	0.523333333333333	0.593333333333333	-0.0700000000000001
"WYM42"	0.463333333333333	0.56	-0.0966666666666667
"WYM43"	0.5	0.623333333333333	-0.123333333333333
"WYM44"	0.48	0.483333333333333	-0.00333333333333335
"WYT01"	0.22	0.255	-0.035
"WYT02"	0.22	0.335	-0.115
"WYT03"	0.1975	0.3525	-0.155
"WYT04"	0.24	0.4025	-0.1625
"WYT05"	0.2375	0.4475	-0.21
"WYT06"	0.1975	0.445	-0.2475
"WYT07"	0.245	0.47	-0.225
"WYT08"	0.315	0.4925	-0.1775
"WYT09"	0.225	0.2725	-0.0475
"WYT10"	0.31	0.455	-0.145
"WYT100"	0.3975	0.605	-0.2075
"WYT101"	0.4275	0.6225	-0.195
"WYT102"	0.455	0.3975	0.0575
"WYT103"	0.55	0.6825	-0.1325
"WYT104"	0.45	0.5175	-0.0674999999999999
"WYT105"	0.5075	0.66	-0.1525
"WYT106"	0.4675	0.685	-0.2175
"WYT107"	0.39	0.645	-0.255
"WYT108"	0.305	0.5275	-0.2225
"WYT109"	0.375	0.5075	-0.1325
"WYT11"	0.2	0.08	0.12
"WYT110"	0.5075	0.4225	0.085
"WYT111"	0.44	0.61	-0.17
"WYT112"	0.55	0.735	-0.185
"WYT113"	0.365	0.45	-0.085
"WYT114"	0.4475	0.5375	-0.09
"WYT115"	0.4025	0.5725	-0.17
"WYT116"	0.134	0.232	-0.098
"WYT12"	0.123333333333333	0.253333333333333	-0.13
"WYT13"	0.2725	0.3925	-0.12
"WYT14"	0.175	0.3	-0.125
"WYT15"	0.165	0.383333333333333	-0.218333333333333
"WYT16"	0.235	0.475	-0.24
"WYT17"	0.21	0.22	-0.01
"WYT18"	0.3	0.14	0.16
"WYT19"	0.18	0.31	-0.13
"WYT20"	0.2525	0.395	-0.1425
"WYT21"	0.2425	0.3975	-0.155
"WYT22"	0.1825	0.31	-0.1275
"WYT23"	0.2	0.355	-0.155
"WYT24"	0.33	0.4525	-0.1225
"WYT25"	0.2325	0.205	0.0275
"WYT26"	0.195	0.295	-0.1
"WYT27"	0.29	0.2925	-0.0025
"WYT28"	0.2125	0.3375	-0.125
"WYT29"	0.26	0.355	-0.095
"WYT30"	0.1575	0.305	-0.1475
"WYT31"	0.205	0.325	-0.12
"WYT32"	0.14	0.22	-0.08
"WYT33"	0.2225	0.2075	0.015
"WYT34"	0.205	0.34	-0.135
"WYT35"	0.206666666666667	0.296666666666667	-0.09
"WYT36"	0.1875	0.35	-0.1625
"WYT37"	0.2325	0.4	-0.1675
"WYT38"	0.2225	0.42	-0.1975
"WYT39"	0.2425	0.4225	-0.18
"WYT40"	0.28	0.3975	-0.1175
"WYT41"	0.2675	0.305	-0.0375
"WYT42"	0.2375	0.3575	-0.12
"WYT43"	0.2675	0.34	-0.0725
"WYT44"	0.245	0.3575	-0.1125
"WYT45"	0.2375	0.425	-0.1875
"WYT46"	0.1725	0.3575	-0.185
"WYT47"	0.15	0.28	-0.13
"WYT48"	0.18	0.34	-0.16
"WYT49"	0.2325	0.2275	0.00499999999999998
"WYT50"	0.1875	0.33	-0.1425
"WYT51"	0.205	0.345	-0.14
"WYT52"	0.215	0.375	-0.16
"WYT53"	0.1775	0.3775	-0.2
"WYT54"	0.175	0.335	-0.16
"WYT55"	0.23	0.3725	-0.1425
"WYT56"	0.23	0.405	-0.175
"WYT57"	0.1775	0.205	-0.0275
"WYT58"	0.45	0.4675	-0.0175
"WYT59"	0.22	0.295	-0.075
"WYT60"	0.225	0.315	-0.09
"WYT61"	0.2225	0.4225	-0.2
"WYT62"	0.1975	0.245	-0.0475
"WYT63"	0.126666666666667	0.226666666666667	-0.1
"WYT64"	0.3225	0.53	-0.2075
"WYT65"	0.125	0.5425	-0.4175
"WYT66"	0.27	0.6475	-0.3775
"WYT67"	0.43	0.6675	-0.2375
"WYT68"	0.515	0.6525	-0.1375
"WYT69"	0.4475	0.6175	-0.17
"WYT70"	0.6075	0.5425	0.0650000000000001
"WYT71"	0.45	0.5175	-0.0674999999999999
"WYT72"	0.5575	0.675	-0.1175
"WYT73"	0.5325	0.54	-0.00750000000000006
"WYT74"	0.5925	0.665	-0.0725
"WYT75"	0.5	0.7	-0.2
"WYT76"	0.505	0.625	-0.12
"WYT77"	0.48	0.6475	-0.1675
"WYT78"	0.55	0.4425	0.1075
"WYT79"	0.4725	0.58	-0.1075
"WYT80"	0.6925	0.7675	-0.0750000000000001
"WYT81"	0.5325	0.635	-0.1025
"WYT82"	0.5975	0.6325	-0.0349999999999999
"WYT83"	0.5625	0.6925	-0.13
"WYT84"	0.5175	0.57	-0.0525000000000001
"WYT85"	0.4625	0.57	-0.1075
"WYT86"	0.445	0.2775	0.1675
"WYT87"	0.17	0.223333333333333	-0.0533333333333333
"WYT88"	0.52	0.525	-0.005
"WYT89"	0.385	0.54	-0.155
"WYT90"	0.53	0.53	0
"WYT91"	0.55	0.6425	-0.0925000000000001
"WYT92"	0.545	0.65	-0.105
"WYT93"	0.45	0.5275	-0.0775
"WYT94"	0.0966666666666667	0.183333333333333	-0.0866666666666667
"WYT95"	0.06	0.163333333333333	-0.103333333333333
"WYT96"	0.4425	0.5725	-0.13
"WYT97"	0.465	0.4475	0.0175
"WYT98"	0.163333333333333	0.24	-0.0766666666666667
"WYT99"	0.4925	0.6175	-0.125
